-7.632304175999999529e+01 1.790627548904062838e+00 1.790627548904062838e+00 1.842828511105985667e+00
-7.625004295259999765e+01 2.028060488283225382e+00 2.028060488283225382e+00 9.654860809090330953e-01
-7.627728344739999500e+01 1.952599176974828765e+00 1.952599176974828765e+00 1.121445765725987531e+00
-7.629831789559999322e+01 1.889915980749469870e+00 1.889915980749469870e+00 1.288831190245067315e+00
-7.631285326820000137e+01 1.841316363160862224e+00 1.841316363160862224e+00 1.466358699430806212e+00
-7.632094902010000226e+01 1.807936434385325919e+00 1.807936434385325919e+00 1.651958743072180935e+00
-7.631982813400000509e+01 1.789856014765624170e+00 1.789856014765624170e+00 2.035632335055652220e+00
-7.631210538550000422e+01 1.805643030854509501e+00 1.805643030854509501e+00 2.226827905683185005e+00
-7.630057943510000484e+01 1.837561869090806876e+00 1.837561869090806876e+00 2.413045165803221703e+00
-7.628572605770000337e+01 1.884793133789967712e+00 1.884793133789967712e+00 2.591421147237755296e+00
-7.626784468690000551e+01 1.946222330107579834e+00 1.946222330107579834e+00 2.759813830890264441e+00
-7.623718165590000240e+01 2.358419867105718382e+00 2.358419867105718826e+00 1.841091953490578748e+00
-7.626283464799999479e+01 2.244861290004747989e+00 2.244861290004747989e+00 1.841368988649898286e+00
-7.628646783179999602e+01 2.131302760566108567e+00 2.131302760566108567e+00 1.841675545388895774e+00
-7.630628830409999352e+01 2.017744286837100720e+00 2.017744286837100720e+00 1.842016608110121023e+00
-7.631971684920000598e+01 1.904185878784660835e+00 1.904185878784660835e+00 1.842398350212225866e+00
-7.631090484300000298e+01 1.677069313074906809e+00 1.677069313074906809e+00 1.843316926399822586e+00
-7.627553232629999513e+01 1.563511191790138088e+00 1.563511191790138088e+00 1.843876289126325840e+00
-7.620556230649999918e+01 1.449953211962580646e+00 1.449953211962580646e+00 1.844523268670140936e+00
-7.608419658740000102e+01 1.336395409652509247e+00 1.336395409652509247e+00 1.845280200156745876e+00
-7.588618901569999764e+01 1.222837834314959959e+00 1.222837834314959959e+00 1.846177715117500062e+00
-7.605327994339999975e+01 2.360303595812664135e+00 1.221587764016074384e+00 1.830186777401071163e+00
-7.616852564479999899e+01 2.246340713239836084e+00 1.335305762958033604e+00 1.835051448194892965e+00
-7.624335882939999465e+01 2.132389449229194600e+00 1.449079336563925624e+00 1.838581995451252338e+00
-7.628977215620000152e+01 2.018451771552043361e+00 1.562896347937579478e+00 1.840979841552186747e+00
-7.631503210820000049e+01 1.904530118599242261e+00 1.676747951485006105e+00 1.842371957277510131e+00
-7.631503210820000049e+01 1.676747951485006105e+00 1.904530118599242261e+00 1.842371957277510131e+00
-7.628977215620000152e+01 1.562896347937579478e+00 2.018451771552043361e+00 1.840979841552186747e+00
-7.624335882949999643e+01 1.449079336563925624e+00 2.132389449229194600e+00 1.838581995451252338e+00
-7.616852564479999899e+01 1.335305762958033604e+00 2.246340713239836084e+00 1.835051448194892965e+00
-7.605327994339999975e+01 1.221587764016074162e+00 2.360303595812663691e+00 1.830186777401071385e+00
-7.618279599299999916e+01 2.554196745886036624e+00 2.554196745886037068e+00 1.153145535022158219e+00
-7.620291822309999930e+01 2.447480352141516047e+00 2.447480352141516047e+00 1.122089776317079846e+00
-7.622110112660000425e+01 2.341407789253039162e+00 2.341407789253039162e+00 1.088211387435385813e+00
-7.623618506430000252e+01 2.236070683378089896e+00 2.236070683378089896e+00 1.051129609510428775e+00
-7.624656443989999843e+01 2.131578070487501808e+00 2.131578070487501808e+00 1.010397068387683506e+00
-7.624360154129999501e+01 1.925675185933513944e+00 1.925675185933513944e+00 9.157720431087290613e-01
-7.622298405969999635e+01 1.824612781753066404e+00 1.824612781753066404e+00 8.605134578385467137e-01
-7.618195412430000601e+01 1.725105790664839267e+00 1.725105790664839045e+00 7.988283023785247572e-01
-7.611089030559999458e+01 1.627439546854557273e+00 1.627439546854557051e+00 7.296668325189700210e-01
-7.599382861830000024e+01 1.531966145963767678e+00 1.531966145963767678e+00 6.517818020838936910e-01
-7.620306056040000442e+01 2.492491992786158406e+00 2.492491992786158850e+00 1.280868518829273217e+00
-7.622471730360000208e+01 2.383476278128824344e+00 2.383476278128824344e+00 1.254774865926649774e+00
-7.624450004439999873e+01 2.274905120380771972e+00 2.274905120380771972e+00 1.226185282030977541e+00
-7.626113666039999828e+01 2.166845344988559408e+00 2.166845344988559408e+00 1.194737222090271000e+00
-7.627286940599999809e+01 2.059377453381149525e+00 2.059377453381149525e+00 1.159997596334679804e+00
-7.627108274799999776e+01 1.846630147155362556e+00 1.846630147155362556e+00 1.078451791430540707e+00
-7.624976059290000308e+01 1.741618086399944199e+00 1.741618086399944199e+00 1.030248536471216614e+00
-7.620706932509999376e+01 1.637747087129108214e+00 1.637747087129107992e+00 9.758958689063349512e-01
-7.613415371080000682e+01 1.535248770706709287e+00 1.535248770706709287e+00 9.142348957152840461e-01
-7.601805709939999645e+01 1.434417428277122486e+00 1.434417428277122486e+00 8.438300493717157957e-01
-7.621888213210000629e+01 2.441441442691935304e+00 2.441441442691935748e+00 1.414498847495084810e+00
-7.624205247829999621e+01 2.330511302111442973e+00 2.330511302111442973e+00 1.394129998139274074e+00
-7.626331516349999617e+01 2.219847031774210944e+00 2.219847031774210944e+00 1.371727763906908981e+00
-7.628123808089999613e+01 2.109490474905370228e+00 2.109490474905370228e+00 1.346978232462154645e+00
-7.629383018570000274e+01 1.999492582378915140e+00 1.999492582378915140e+00 1.319501011232973697e+00
-7.629083980400000087e+01 1.780838438946179547e+00 1.780838438946179547e+00 1.254395328605320437e+00
-7.626603539709999779e+01 1.672357611576067882e+00 1.672357611576067882e+00 1.215479144664795674e+00
-7.621645790350000027e+01 1.564597622520455644e+00 1.564597622520455644e+00 1.171183584005418554e+00
-7.613168168219999643e+01 1.457718341734446366e+00 1.457718341734446366e+00 1.120364484608306288e+00
-7.599691888270000106e+01 1.351928663537205200e+00 1.351928663537205200e+00 1.061548994661994039e+00
-7.623008382560000484e+01 2.401724582183915491e+00 2.401724582183915935e+00 1.553187375442354412e+00
-7.625450209929999801e+01 2.289351732853162069e+00 2.289351732853162069e+00 1.539224458405842322e+00
-7.627694278319999910e+01 2.177101984014794489e+00 2.177101984014794489e+00 1.523820889603245021e+00
-7.629580504710000355e+01 2.064995410386338826e+00 2.064995410386338826e+00 1.506743724866581147e+00
-7.630883554129999879e+01 1.953056667141084279e+00 1.953056667141084279e+00 1.487707493377059098e+00
-7.630334953359999872e+01 1.729812954471019903e+00 1.729812954471019903e+00 1.442254577754926048e+00
-7.627391841940000461e+01 1.618595400246670701e+00 1.618595400246670701e+00 1.414833500370144437e+00
-7.621544229670000448e+01 1.507726960021512408e+00 1.507726960021512186e+00 1.383373026273215123e+00
-7.611487346789999719e+01 1.397290737922444626e+00 1.397290737922444626e+00 1.346929288929163304e+00
-7.595332901880000520e+01 1.287397969015058541e+00 1.287397969015058319e+00 1.304247587761283578e+00
-7.623628714000000173e+01 2.373910336516861008e+00 2.373910336516861452e+00 1.695827813685912844e+00
-7.626154833100000019e+01 2.260642486274343721e+00 2.260642486274343721e+00 1.688811552197885257e+00
-7.628478010240000629e+01 2.147405392492950593e+00 2.147405392492950593e+00 1.681055222947868355e+00
-7.630424899449999998e+01 2.034204191495796898e+00 2.034204191495796898e+00 1.672435489568376177e+00
-7.631748269199999868e+01 1.921045228442694208e+00 1.921045228442694208e+00 1.662800070283540155e+00
-7.630957993340000201e+01 1.694887853477485162e+00 1.694887853477485162e+00 1.639670786142075842e+00
-7.627606616890000168e+01 1.581912394851629156e+00 1.581912394851629156e+00 1.625627095792921972e+00
-7.620980068560000120e+01 1.469026929003353743e+00 1.469026929003353743e+00 1.609424162753726240e+00
-7.609524722919999817e+01 1.356253927301573459e+00 1.356253927301573237e+00 1.590525252188536909e+00
-7.590932735869999703e+01 1.243623985188837988e+00 1.243623985188837766e+00 1.568200842051287180e+00
-7.623268416729999331e+01 2.355496321346857158e+00 2.355496321346857602e+00 1.987493715682378426e+00
-7.625830241270000442e+01 2.242281123890843109e+00 2.242281123890843109e+00 1.995178130397874394e+00
-7.628200543849999349e+01 2.129102548321215593e+00 2.129102548321215593e+00 2.003679656349769189e+00
-7.630203510769999298e+01 2.015966762625494013e+00 2.015966762625494013e+00 2.013135578507060597e+00
-7.631585775240000658e+01 1.902881399032962495e+00 1.902881399032962495e+00 2.023715663459457748e+00
-7.630869644419999531e+01 1.676902737916492692e+00 1.676902737916492692e+00 2.049154914991619059e+00
-7.627487918799999989e+01 1.564037191150864148e+00 1.564037191150864148e+00 2.064629948620767763e+00
-7.620735741580000422e+01 1.451279842830612843e+00 1.451279842830612843e+00 2.082510864670198636e+00
-7.608995430529999737e+01 1.338658034429226484e+00 1.338658034429226484e+00 2.103402349286285222e+00
-7.589856190609999942e+01 1.226209112716710070e+00 1.226209112716709848e+00 2.128128646943060254e+00
-7.622297289600000170e+01 2.365186300649584350e+00 2.365186300649584350e+00 2.133475898522705805e+00
-7.624820093089999773e+01 2.252947343444770212e+00 2.252947343444770212e+00 2.148434150746868276e+00
-7.627173678719999828e+01 2.140847619967693571e+00 2.140847619967693571e+00 2.164959907023379593e+00
-7.629195392399999776e+01 2.028910208841173901e+00 2.028910208841173901e+00 2.183310525632834231e+00
-7.630651956389999668e+01 1.917163541065457277e+00 1.917163541065457277e+00 2.203802264323985849e+00
-7.630397590789999640e+01 1.694393334084026481e+00 1.694393334084026481e+00 2.252881002407272959e+00
-7.627539854389999618e+01 1.583471531267744759e+00 1.583471531267744759e+00 2.282589772771947079e+00
-7.621677863630000616e+01 1.472951701215812870e+00 1.472951701215812870e+00 2.316765327177148226e+00
-7.611435112719999552e+01 1.362931635088791671e+00 1.362931635088791671e+00 2.356471602584818026e+00
-7.594817456459999505e+01 1.253542928570524184e+00 1.253542928570523962e+00 2.403128870986727783e+00
-7.620845448580000436e+01 2.387336218521517228e+00 2.387336218521517228e+00 2.277507721585441125e+00
-7.623302808260000063e+01 2.276673778277154891e+00 2.276673778277154891e+00 2.299370564156535846e+00
-7.625625941399999874e+01 2.166311166281761125e+00 2.166311166281761125e+00 2.323464138372496990e+00
-7.627673617739999656e+01 2.056296658960331314e+00 2.056296658960331314e+00 2.350140011256602879e+00
-7.629245031279999978e+01 1.946689275199795732e+00 1.946689275199795732e+00 2.379825616705745439e+00
-7.629719226250000474e+01 1.729005325418982553e+00 1.729005325418982553e+00 2.450447558372082835e+00
-7.627684766779999848e+01 1.621134328780317935e+00 1.621134328780317935e+00 2.492844015264776836e+00
-7.623203184390000331e+01 1.514095410667680275e+00 1.514095410667680275e+00 2.541259305833420079e+00
-7.615235750540000481e+01 1.408078342029291719e+00 1.408078342029291719e+00 2.597002074789933612e+00
-7.602346997050000255e+01 1.303332507847132504e+00 1.303332507847132060e+00 2.661761981899015250e+00
-7.618970712869999318e+01 2.421604193573144048e+00 2.421604193573144048e+00 2.418178318444272445e+00
-7.621345440259999293e+01 2.313058563814797353e+00 2.313058563814797353e+00 2.446377303228134625e+00
-7.623632386600000643e+01 2.205017975658026153e+00 2.205017975658026153e+00 2.477346323392122240e+00
-7.625717096450000554e+01 2.097560471201050269e+00 2.097560471201050269e+00 2.511497317732350076e+00
-7.627438105369999732e+01 1.990780473017413232e+00 1.990780473017413232e+00 2.549323882510220241e+00
-7.628818785810000236e+01 1.779740072777001414e+00 1.779740072777001414e+00 2.638511151477207939e+00
-7.627773391060000563e+01 1.675797004456946349e+00 1.675797004456946349e+00 2.691475257530552501e+00
-7.624901635919999876e+01 1.573183961804076825e+00 1.573183961804076825e+00 2.751395412151156794e+00
-7.619498801609999816e+01 1.472179085315498126e+00 1.472179085315498126e+00 2.819606176406129538e+00
-7.610651315520000537e+01 1.373137300067000188e+00 1.373137300066999966e+00 2.897759022000501616e+00
-7.616741718199999411e+01 2.467485397521071100e+00 2.467485397521071100e+00 2.554272449953551849e+00
-7.619025819579999848e+01 2.361516676452112495e+00 2.361516676452112495e+00 2.588093465193260112e+00
-7.621277097780000531e+01 2.256286582722871970e+00 2.256286582722871970e+00 2.625080628722727294e+00
-7.623409184860000209e+01 2.151903477765949368e+00 2.151903477765949368e+00 2.665671120710693565e+00
-7.625300108570000646e+01 2.048496843028865477e+00 2.048496843028865477e+00 2.710379572772394940e+00
-7.627645213239999578e+01 1.845268193123057898e+00 1.845268193123057898e+00 2.814693831056477968e+00
-7.627603959249999832e+01 1.745863498365780142e+00 1.745863498365780142e+00 2.875873835186982586e+00
-7.626308387080000273e+01 1.648288600134234727e+00 1.648288600134234727e+00 2.944367894691343857e+00
-7.623319304599999668e+01 1.552888459539531141e+00 1.552888459539531141e+00 3.021377580722014677e+00
-7.618107940630000030e+01 1.460089425426316367e+00 1.460089425426315923e+00 3.108319379654110648e+00
-7.617192062760000226e+01 2.544464302664559252e+00 1.549959932562318565e+00 8.964883637198565181e-01
-7.620281975080000336e+01 2.439261257739641753e+00 1.640870880819407240e+00 9.219959142633884497e-01
-7.622471984269999723e+01 2.334891219555503383e+00 1.734521066509713050e+00 9.413144767873000696e-01
-7.623918735239999478e+01 2.231471074981178138e+00 1.830490109365083162e+00 9.548354224861621553e-01
-7.624738943719999895e+01 2.129139248022635211e+00 1.928431844394107975e+00 9.628372206319230076e-01
-7.624738943719999895e+01 1.928431844394107975e+00 2.129139248022635211e+00 9.628372206319230076e-01
-7.623918735239999478e+01 1.830490109365083162e+00 2.231471074981178138e+00 9.548354224861621553e-01
-7.622471984269999723e+01 1.734521066509713050e+00 2.334891219555503383e+00 9.413144767873000696e-01
-7.620281975080000336e+01 1.640870880819406796e+00 2.439261257739641753e+00 9.219959142633886717e-01
-7.617192062799999519e+01 1.549959932562318565e+00 2.544464302664558808e+00 8.964883637198567401e-01
-7.616303030250000461e+01 2.484873467552040083e+00 1.449588436044209505e+00 1.054528914642436810e+00
-7.620901340780000055e+01 2.377005758014671954e+00 1.546455547686419463e+00 1.079498854150390041e+00
-7.624098097520000294e+01 2.269744748908602450e+00 1.645529554793706328e+00 1.098228068851758499e+00
-7.626180874380000319e+01 2.163180691582168524e+00 1.746434910926115913e+00 1.111244768334674449e+00
-7.627351298370000166e+01 2.057421884626998487e+00 1.848871793331249735e+00 1.118913025620117851e+00
-7.627351298370000166e+01 1.848871793331249735e+00 2.057421884626998487e+00 1.118913025620117851e+00
-7.626180874380000319e+01 1.746434910926115913e+00 2.163180691582168524e+00 1.111244768334674449e+00
-7.624098097520000294e+01 1.645529554793706328e+00 2.269744748908602450e+00 1.098228068851758499e+00
-7.620901340780000055e+01 1.546455547686419019e+00 2.377005758014671510e+00 1.079498854150390041e+00
-7.616303030250000461e+01 1.449588436044209505e+00 2.484873467552040083e+00 1.054528914642436810e+00
-7.614082120429999634e+01 2.436066168751625849e+00 1.363730963885426473e+00 1.228272560369164434e+00
-7.620545129709999799e+01 2.325906689947491390e+00 1.466327705869808096e+00 1.251092391031933149e+00
-7.624941630029999828e+01 2.216143070702166984e+00 1.570508315105469288e+00 1.268033068534226704e+00
-7.627761094609999759e+01 2.106837183308770012e+00 1.675977452802361212e+00 1.279720418141842231e+00
-7.629329205669999681e+01 1.998064151071255790e+00 1.782506410776922845e+00 1.286573064247081177e+00
-7.629329205669999681e+01 1.782506410776922845e+00 1.998064151071255790e+00 1.286573064247081177e+00
-7.627761094609999759e+01 1.675977452802361212e+00 2.106837183308770012e+00 1.279720418141842231e+00
-7.624941630029999828e+01 1.570508315105469288e+00 2.216143070702166984e+00 1.268033068534226704e+00
-7.620545129719999977e+01 1.466327705869807874e+00 2.325906689947490946e+00 1.251092391031933149e+00
-7.614082120429999634e+01 1.363730963885426251e+00 2.436066168751625849e+00 1.228272560369164434e+00
-7.610928351850000695e+01 2.398700747052581850e+00 1.295276926525333661e+00 1.417178755523728739e+00
-7.619435655309999333e+01 2.286712083676550211e+00 1.402937556563010224e+00 1.435883327215767169e+00
-7.625103808570000297e+01 2.174939921245308661e+00 1.511538913330890743e+00 1.449632094449661679e+00
-7.628684444050000479e+01 2.063419442598430020e+00 1.620891919001552717e+00 1.459051786750387381e+00
-7.630656390010000223e+01 1.952193781065892919e+00 1.730854114975611591e+00 1.464550574294334329e+00
-7.630656390010000223e+01 1.730854114975611591e+00 1.952193781065892919e+00 1.464550574294334329e+00
-7.628684444050000479e+01 1.620891919001552717e+00 2.063419442598430020e+00 1.459051786750387381e+00
-7.625103808570000297e+01 1.511538913330890743e+00 2.174939921245308661e+00 1.449632094449661679e+00
-7.619435655309999333e+01 1.402937556563010002e+00 2.286712083676550211e+00 1.435883327215767391e+00
-7.610928351850000695e+01 1.295276926525333439e+00 2.398700747052581850e+00 1.417178755523728739e+00
-7.607663012010000614e+01 2.373317685407343891e+00 1.247095488525325591e+00 1.619141430650554936e+00
-7.618019624090000264e+01 2.260041380927453769e+00 1.358629935196052907e+00 1.631715844327302101e+00
-7.624806796240000040e+01 2.146849291127380432e+00 1.470553661650572330e+00 1.640884614003399022e+00
-7.629043740820000608e+01 2.033755477385683186e+00 1.582784088386488319e+00 1.647131691974057066e+00
-7.631359209869999916e+01 1.920777299025283380e+00 1.695260303545580438e+00 1.650765779106554199e+00
-7.631359209869999916e+01 1.695260303545580438e+00 1.920777299025283380e+00 1.650765779106554199e+00
-7.629043740820000608e+01 1.582784088386488319e+00 2.033755477385683186e+00 1.647131691974057066e+00
-7.624806796240000040e+01 1.470553661650572330e+00 2.146849291127380432e+00 1.640884614003399022e+00
-7.618019624090000264e+01 1.358629935196052685e+00 2.260041380927453769e+00 1.631715844327302101e+00
-7.607663012019999371e+01 1.247095488525325591e+00 2.373317685407343447e+00 1.619141430650555380e+00
-7.604736498510000331e+01 2.359863123049168898e+00 1.220176560777016528e+00 2.044719763382017774e+00
-7.616374835329999371e+01 2.245847462094322289e+00 1.334066087924173249e+00 2.041221785989005610e+00
-7.623932415710000043e+01 2.131837778569491082e+00 1.447984268595986501e+00 2.038683949697583042e+00
-7.628620929500000614e+01 2.017835085667102568e+00 1.561924833314991545e+00 2.036960704337775763e+00
-7.631173325020000675e+01 1.903840639190867323e+00 1.675883216522899843e+00 2.035960377596728765e+00
-7.631173325020000675e+01 1.675883216522899843e+00 1.903840639190867323e+00 2.035960377596728765e+00
-7.628620929500000614e+01 1.561924833314991545e+00 2.017835085667102568e+00 2.036960704337775763e+00
-7.623932415710000043e+01 1.447984268595986501e+00 2.131837778569491082e+00 2.038683949697583042e+00
-7.616374835329999371e+01 1.334066087924173027e+00 2.245847462094322289e+00 2.041221785989006055e+00
-7.604736498510000331e+01 1.220176560777016528e+00 2.359863123049168454e+00 2.044719763382017774e+00
-7.606048208869999883e+01 2.372003271758035936e+00 1.242943957034157609e+00 2.256445725610698005e+00
-7.616709036700000013e+01 2.258570280645352035e+00 1.354971527336255255e+00 2.245087736617009000e+00
-7.623697450369999729e+01 2.145205009240488181e+00 1.467314086052684541e+00 2.236813507667409162e+00
-7.628063374170000088e+01 2.031918792274683749e+00 1.579904440793104214e+00 2.231179421926617223e+00
-7.630451377689999504e+01 1.918725632496736555e+00 1.692693145439947200e+00 2.227903195132570513e+00
-7.630451377689999504e+01 1.692693145439947200e+00 1.918725632496736555e+00 2.227903195132570513e+00
-7.628063374180000267e+01 1.579904440793104214e+00 2.031918792274683749e+00 2.231179421926617223e+00
-7.623697450369999729e+01 1.467314086052684541e+00 2.145205009240488181e+00 2.236813507667409162e+00
-7.616709036700000013e+01 1.354971527336255033e+00 2.258570280645352035e+00 2.245087736617009444e+00
-7.606048208869999883e+01 1.242943957034157609e+00 2.372003271758035936e+00 2.256445725610698005e+00
-7.608704307669999878e+01 2.396532860095296424e+00 1.288609012760696171e+00 2.459632205948512951e+00
-7.617617775029999905e+01 2.284288350628178144e+00 1.397028281537938232e+00 2.441891899775447961e+00
-7.623561370589999342e+01 2.172234199110935737e+00 1.506282668936365310e+00 2.428869303911319832e+00
-7.627321667200000377e+01 2.060401463412195877e+00 1.616202823203740646e+00 2.419955328824866303e+00
-7.629395776069999613e+01 1.948828261481133417e+00 1.726661599850384032e+00 2.414754755800777364e+00
-7.629395776069999613e+01 1.726661599850384032e+00 1.948828261481133417e+00 2.414754755800777364e+00
-7.627321667200000377e+01 1.616202823203740646e+00 2.060401463412195877e+00 2.419955328824866303e+00
-7.623561370589999342e+01 1.506282668936365310e+00 2.172234199110935737e+00 2.428869303911319832e+00
-7.617617775029999905e+01 1.397028281537938232e+00 2.284288350628178144e+00 2.441891899775447961e+00
-7.608704307669999878e+01 1.288609012760695949e+00 2.396532860095296424e+00 2.459632205948513395e+00
-7.611771666680000692e+01 2.433077196552654531e+00 1.354858428689406757e+00 2.650095828251335828e+00
-7.618650569630000291e+01 2.322570018664464442e+00 1.458407647238594285e+00 2.627953711397130299e+00
-7.623338391759999411e+01 2.212424680409717848e+00 1.563422206868561259e+00 2.611541628079504740e+00
-7.626352521930000705e+01 2.102698045142358918e+00 1.669625633490327887e+00 2.600231248666721839e+00
-7.628033132170000385e+01 1.993459254481369847e+00 1.776804756510590666e+00 2.593604201783444196e+00
-7.628033132150000029e+01 1.776804756510590666e+00 1.993459254481369847e+00 2.593604201783444196e+00
-7.626352521920000527e+01 1.669625633490327887e+00 2.102698045142358918e+00 2.600231248666721839e+00
-7.623338391759999411e+01 1.563422206868561259e+00 2.212424680409717404e+00 2.611541628079504740e+00
-7.618650569630000291e+01 1.458407647238594285e+00 2.322570018664464442e+00 2.627953711397130299e+00
-7.611771666680000692e+01 1.354858428689406757e+00 2.433077196552654531e+00 2.650095828251335828e+00
-7.614402046760000076e+01 2.481105440289624209e+00 1.438851695761458327e+00 2.825527491092049814e+00
-7.619365899989999491e+01 2.372807278513103579e+00 1.536796140746534922e+00 2.800969356474556804e+00
-7.622828414139999609e+01 2.265075977482260416e+00 1.636830834785234723e+00 2.782578311107694713e+00
-7.625093823240000290e+01 2.157996435178273664e+00 1.738595011170364524e+00 2.769811122583137664e+00
-7.626371811250000121e+01 2.051670702717549588e+00 1.841802017509399869e+00 2.762295330062185972e+00
-7.626371811250000121e+01 1.841802017509399869e+00 2.051670702717549588e+00 2.762295330062185972e+00
-7.625093823240000290e+01 1.738595011170364524e+00 2.157996435178273664e+00 2.769811122583137664e+00
-7.622828414139999609e+01 1.636830834785234723e+00 2.265075977482259972e+00 2.782578311107694713e+00
-7.619365899989999491e+01 1.536796140746534922e+00 2.372807278513103579e+00 2.800969356474557248e+00
-7.614402046760000076e+01 1.438851695761458105e+00 2.481105440289624209e+00 2.825527491092050258e+00
-7.621040343970000208e+01 2.928031284595963069e+00 1.789283942630924384e+00 1.834027586636434837e+00
-7.622269864439999765e+01 2.814084817738265798e+00 1.903052605802674879e+00 1.836668942461303189e+00
-7.623011828149999758e+01 2.700148911995372991e+00 2.016855483474288224e+00 1.838645341798247346e+00
-7.623436885399999596e+01 2.586224963174520219e+00 2.130687093324761694e+00 1.840017324133021770e+00
-7.623652576780000345e+01 2.472314624196679578e+00 2.244543063916040637e+00 1.840825173701098771e+00
-7.623652576790000523e+01 2.244543063916040637e+00 2.472314624196680022e+00 1.840825173701098549e+00
-7.623436885399999596e+01 2.130687093324761694e+00 2.586224963174520664e+00 1.840017324133021548e+00
-7.623011828149999758e+01 2.016855483474287780e+00 2.700148911995373435e+00 1.838645341798247346e+00
-7.622269864439999765e+01 1.903052605802674879e+00 2.814084817738265798e+00 1.836668942461303411e+00
-7.621040343970000208e+01 1.789283942630923940e+00 2.928031284595963069e+00 1.834027586636434837e+00
-7.621588029790000007e+01 2.814483570333138562e+00 1.675739343352668609e+00 1.833540608332023814e+00
-7.623660877940000091e+01 2.700534280668838605e+00 1.789500786369051077e+00 1.836479394861157965e+00
-7.624963700729999516e+01 2.586595767052211059e+00 1.903299348406165770e+00 1.838669136191510400e+00
-7.625743579609999756e+01 2.472669519137108196e+00 2.017128747141264444e+00 1.840184603224006343e+00
-7.626155238810000014e+01 2.358757314197356347e+00 2.130984041028111786e+00 1.841075176869437779e+00
-7.626155238810000014e+01 2.130984041028111342e+00 2.358757314197356791e+00 1.841075176869437779e+00
-7.625743579609999756e+01 2.017128747141264000e+00 2.472669519137108640e+00 1.840184603224006343e+00
-7.624963700729999516e+01 1.903299348406165770e+00 2.586595767052211503e+00 1.838669136191510622e+00
-7.623660877940000091e+01 1.789500786369050633e+00 2.700534280668839049e+00 1.836479394861158188e+00
-7.621588029790000007e+01 1.675739343352668387e+00 2.814483570333138118e+00 1.833540608332024036e+00
-7.621036560780000002e+01 2.700936807074493906e+00 1.562196841116800350e+00 1.832948626495728872e+00
-7.624331857689999481e+01 2.586984488693780282e+00 1.675949943289076982e+00 1.836240128615630463e+00
-7.626444718749999652e+01 2.473043162046943966e+00 1.789743579985265898e+00 1.838680618353345952e+00
-7.627735512229999415e+01 2.359114419782248895e+00 1.903570481873144926e+00 1.840363624201217352e+00
-7.628428692469999817e+01 2.245200177617665105e+00 2.017425018307125395e+00 1.841350373394656570e+00
-7.628428692469999817e+01 2.017425018307124951e+00 2.245200177617665105e+00 1.841350373394656792e+00
-7.627735512229999415e+01 1.903570481873144704e+00 2.359114419782248895e+00 1.840363624201217352e+00
-7.626444718749999652e+01 1.789743579985265898e+00 2.473043162046943966e+00 1.838680618353345952e+00
-7.624331857720000016e+01 1.675949943289076760e+00 2.586984488693780726e+00 1.836240128615630685e+00
-7.621036560790000181e+01 1.562196841116800128e+00 2.700936807074493906e+00 1.832948626495729094e+00
-7.618798932539999669e+01 2.587391120023500690e+00 1.448656929007932970e+00 1.832222097274901929e+00
-7.623872238090000053e+01 2.473435544429850808e+00 1.562400289438649947e+00 1.835936753697809065e+00
-7.627157127670000136e+01 2.359491174934541746e+00 1.676188252728709305e+00 1.838674922430374448e+00
-7.629184181790000707e+01 2.245559717400417821e+00 1.790012312920203685e+00 1.840555296117790007e+00
-7.630281839170000069e+01 2.131643242172894137e+00 1.903865995782953124e+00 1.841654771471352703e+00
-7.630281839170000069e+01 1.903865995782952902e+00 2.131643242172894581e+00 1.841654771471352703e+00
-7.629184181790000707e+01 1.790012312920203463e+00 2.245559717400417821e+00 1.840555296117790007e+00
-7.627157127670000136e+01 1.676188252728709305e+00 2.359491174934541746e+00 1.838674922430374448e+00
-7.623872238090000053e+01 1.562400289438649725e+00 2.473435544429850808e+00 1.835936753697809065e+00
-7.618798932539999669e+01 1.448656929007932748e+00 2.587391120023500246e+00 1.832222097274902151e+00
-7.614001761069999930e+01 2.473846657368898416e+00 1.335120267826906071e+00 1.831320462194886867e+00
-7.621678008829999840e+01 2.359887570243097699e+00 1.448852104425224718e+00 1.835549632701764189e+00
-7.626666433580000160e+01 2.245939899434740372e+00 1.562633462813682650e+00 1.838645255516016874e+00
-7.629758365600000047e+01 2.132005475422251273e+00 1.676454259854776474e+00 1.840760472756133082e+00
-7.631439160600000093e+01 2.018086541816394242e+00 1.790306973493047682e+00 1.841993276587158723e+00
-7.631439160610000272e+01 1.790306973493047682e+00 2.018086541816394242e+00 1.841993276587158723e+00
-7.629758365600000047e+01 1.676454259854776474e+00 2.132005475422251273e+00 1.840760472756133082e+00
-7.626666433580000160e+01 1.562633462813682650e+00 2.245939899434740372e+00 1.838645255516016874e+00
-7.621678008829999840e+01 1.448852104425224718e+00 2.359887570243097255e+00 1.835549632701764189e+00
-7.614001761069999930e+01 1.335120267826906071e+00 2.473846657368898416e+00 1.831320462194886867e+00
-7.590760136970000360e+01 2.246762147773817553e+00 1.108060695475434176e+00 1.828738958200835318e+00
-7.608047287620000532e+01 2.132795151851661686e+00 1.221761779035741124e+00 1.834403343462102320e+00
-7.619223819440000511e+01 2.018839963574911689e+00 1.335526043265394813e+00 1.838471274521185750e+00
-7.626139019670000607e+01 1.904898702021925017e+00 1.449338610346156742e+00 1.841213725206573670e+00
-7.629898676259999490e+01 1.790974025237369149e+00 1.563188929820257478e+00 1.842798411169740191e+00
-7.629898676259999490e+01 1.563188929820257478e+00 1.790974025237369149e+00 1.842798411169740191e+00
-7.626139019670000607e+01 1.449338610346156742e+00 1.904898702021925017e+00 1.841213725206573670e+00
-7.619223819440000511e+01 1.335526043265394813e+00 2.018839963574911689e+00 1.838471274521185750e+00
-7.608047287620000532e+01 1.221761779035741124e+00 2.132795151851661242e+00 1.834403343462102542e+00
-7.590760136960000182e+01 1.108060695475434176e+00 2.246762147773817553e+00 1.828738958200835540e+00
-7.567152365840000527e+01 2.133222570892300052e+00 9.945409235186466468e-01 1.826854901453240476e+00
-7.593201476619999823e+01 2.019251104641806460e+00 1.108220877293119022e+00 1.833548583322394121e+00
-7.609918817240000521e+01 1.905291614924713439e+00 1.221973815126905283e+00 1.838292690115738370e+00
-7.620209837410000375e+01 1.791346387463953249e+00 1.335781091539981036e+00 1.841461727128990589e+00
-7.625787590289999685e+01 1.677418328721358209e+00 1.449629908579478821e+00 1.843282278365988125e+00
-7.625787590289999685e+01 1.449629908579478821e+00 1.677418328721357987e+00 1.843282278365988125e+00
-7.620209837410000375e+01 1.335781091539981258e+00 1.791346387463953027e+00 1.841461727128990589e+00
-7.609918817240000521e+01 1.221973815126905283e+00 1.905291614924713439e+00 1.838292690115738370e+00
-7.593201476619999823e+01 1.108220877293119022e+00 2.019251104641806016e+00 1.833548583322394343e+00
-7.567152365840000527e+01 9.945409235186466468e-01 2.133222570892299608e+00 1.826854901453240698e+00
-7.529494213590000129e+01 2.019685180737730068e+00 8.810312686172101504e-01 1.824345912172689266e+00
-7.569109399609999400e+01 1.905708842259086433e+00 9.946841132018696685e-01 1.832401704136995768e+00
-7.594271522420000053e+01 1.791744619444914921e+00 1.108422979508993711e+00 1.838015475592257975e+00
-7.609645839430000080e+01 1.677794981166532251e+00 1.222223852501441721e+00 1.841722090689109859e+00
-7.617937865150000221e+01 1.563863115498882683e+00 1.336070887870775437e+00 1.843835976198353599e+00
-7.617937865150000221e+01 1.336070887870775437e+00 1.563863115498882461e+00 1.843835976198353599e+00
-7.609645839430000080e+01 1.222223852501441721e+00 1.677794981166532029e+00 1.841722090689109859e+00
-7.594271522420000053e+01 1.108422979508993933e+00 1.791744619444914921e+00 1.838015475592258197e+00
-7.569109399609999400e+01 9.946841132018696685e-01 1.905708842259085989e+00 1.832401704136995990e+00
-7.529494213590000129e+01 8.810312686172100394e-01 2.019685180737729624e+00 1.824345912172689710e+00
-7.469582672270000501e+01 1.906150368058865840e+00 7.675362193677164324e-01 1.820906245036325366e+00
-7.530676086309999562e+01 1.792168703934952756e+00 8.811530861752447930e-01 1.830829001373474041e+00
-7.568949729390000414e+01 1.678199251802148906e+00 9.948740132215209142e-01 1.837591831318013735e+00
-7.592106012189999831e+01 1.564244680926600628e+00 1.108666979197674651e+00 1.841990517486127965e+00
-7.604514271669999914e+01 1.450308499091657932e+00 1.222511867842421163e+00 1.844475775075887114e+00
-7.604514271669999914e+01 1.222511867842421163e+00 1.450308499091657710e+00 1.844475775075887114e+00
-7.592106012189999831e+01 1.108666979197674651e+00 1.564244680926600184e+00 1.841990517486127965e+00
-7.568949729390000414e+01 9.948740132215210252e-01 1.678199251802148906e+00 1.837591831318013957e+00
-7.530676086309999562e+01 8.811530861752447930e-01 1.792168703934952312e+00 1.830829001373474263e+00
-7.469582672270000501e+01 7.675362193677164324e-01 1.906150368058865618e+00 1.820906245036325810e+00
-7.373427398890000006e+01 1.792618622586078736e+00 6.540633790646228629e-01 1.816009625678339123e+00
-7.469576643940000338e+01 1.678631120674050070e+00 7.676303417193950374e-01 1.828611242083365562e+00
-7.528675752830000079e+01 1.564655866387522964e+00 8.813276387901967102e-01 1.836944730442779727e+00
-7.563976365550000480e+01 1.450695746467476344e+00 9.951105968359681420e-01 1.842257922665283765e+00
-7.582737677929999620e+01 1.336754631594456955e+00 1.108952848703422811e+00 1.845223415070844641e+00
-7.582737677929999620e+01 1.108952848703423033e+00 1.336754631594456511e+00 1.845223415070844863e+00
-7.563976365550000480e+01 9.951105968359683640e-01 1.450695746467476122e+00 1.842257922665283987e+00
-7.528675752830000079e+01 8.813276387901968212e-01 1.564655866387522742e+00 1.836944730442779727e+00
-7.469576643940000338e+01 7.676303417193950374e-01 1.678631120674049848e+00 1.828611242083366006e+00
-7.373427398890000006e+01 6.540633790646228629e-01 1.792618622586078514e+00 1.816009625678339567e+00
